13.5656965138	-14.6694971154
13.5657387165	-14.6694972178
13.565738709	-14.6694979862
13.5657116728	-14.6694962292
-5.78408246261	6.22344492408
13.5657043531	-14.6694978356
13.5657442612	-14.6694940257
13.5656976296	-14.6694943912
13.5657161677	-14.6694969144
13.5657448041	-14.6694968966
13.5656975894	-14.6694971234
13.5657387242	-14.6694966842
13.5657037655	-14.6694978567
13.5655565532	-14.6694969283
13.5656827162	-14.6694976905
13.565738704	-14.6694979087
-5.78408246261	6.22344492408
-5.78408246261	6.22344492408
13.5656977008	-14.6694943487
-5.78408246261	6.22344492408
-5.78408246261	6.22344492408
13.5656975814	-14.6694977757
-5.78408246261	6.22344492408
-5.78408246261	6.22344492408
13.5657448417	-14.6694918283
-5.78408246261	6.22344492408
13.5656654379	-14.669494326
13.5657387603	-14.6694940127
13.5655564427	-14.6694969288
-5.78408246261	6.22344492408
13.5655569138	-14.6694981386
13.5656976237	-14.6694944403
-5.78408246261	6.22344492408
13.5656984395	-14.6694944466
13.5656976296	-14.6694943912
13.2396270901	-13.8792040464
13.5657160804	-14.6694968985
13.5657443111	-14.6694939836
-5.78408246261	6.22344492408
13.5656984258	-14.6694971291
13.5657387055	-14.6694979862
13.5655475165	-14.669494215
13.5654874726	-14.669497579
-5.78408246261	6.22344492408
-5.78408246261	6.22344492408
13.5656983954	-14.6694944478
-5.78408246261	6.22344492408
-5.78408246261	6.22344492408
13.5655475807	-14.6694941744
13.5657387611	-14.6694939624
13.5657387604	-14.6694940116
13.5655602496	-14.6694942579
-5.78408246261	6.22344492408
13.5654871667	-14.669498099
13.5655481398	-14.6694976122
13.5656976237	-14.6694944403
13.5657161096	-14.6694941847
13.56569772	-14.6694971097
13.56554837	-14.6694941869
13.5657044014	-14.6694944509
13.5656964838	-14.6694970987
-5.78408246261	6.22344492408
13.5656964776	-14.6694971152
13.5656654379	-14.6694943245
-5.78408246261	6.22344492408
13.5655634128	-14.6694969392
13.5657116525	-14.6694976837
-5.78408246261	6.22344492408
13.5656821048	-14.6694977442
13.5657300662	-14.6694973202
-5.78408246261	6.22344492408
-5.78408246261	6.22344492408
13.5657161356	-14.6694941846
13.5655475156	-14.6694942054
13.5655633911	-14.6694976052
13.5656984534	-14.6694943976
13.5654874726	-14.669497579
-5.78408246261	6.22344492408
13.5655655461	-14.6694981665
13.5657161075	-14.6694941847
-5.78408246261	6.22344492408
13.5655570565	-14.6694942573
13.5655452475	-14.6694970065
-5.78408246261	6.22344492408
13.5655475166	-14.6694942054
-5.78408246261	6.22344492408
13.5657076862	-14.6694978343
13.5656755647	-14.6694969946
13.5657387313	-14.669495922
13.5656827162	-14.6694976905
13.565738702	-14.6694979862
13.5655560644	-14.6694981551
-5.78408246261	6.22344492408
13.5657077838	-14.6694944068
-5.78408246261	6.22344492408
-5.78408246261	6.22344492408
-5.78408246261	6.22344492408
-5.78408246261	6.22344492408
-5.78408246261	6.22344492408
-5.78408246261	6.22344492408
-5.78408246261	6.22344492408
-5.78408246261	6.22344492408
-5.78408246261	6.22344492408
-5.78408246261	6.22344492408
-5.78408246261	6.22344492408
-5.78408246261	6.22344492408
-4.6594655477	6.37801674578
-4.65948241779	6.37819462127
-6.63074804927	7.20853682254
-4.47665108563	6.25663210236
-6.60714085899	7.21973646758
-6.63030294794	7.20903015782
-5.78408246261	6.22344492408
-6.66717011936	7.16428964836
-6.608905184	7.21769205256
-4.65947128827	6.37807687573
-4.65455821407	6.38430089419
-5.78408246261	6.22344492408
-6.63018929293	7.20951491976
-5.80271655812	5.08663245967
-4.65946552703	6.37801652925
-6.60665849484	5.05262150009
-5.43284483073	5.1038500289
-6.8128965113	7.06683372532
-5.10088240119	7.19693349885
-5.10302462328	7.19882983012
-5.10087041734	7.1969227075
-6.17349355244	5.11363165506
-5.92994097452	5.09525494009
-5.13319615271	4.95458596108
-6.17344041625	5.11361823353
-5.91714220347	4.85255874189
-4.65452683746	6.37560386615
-4.65948226003	6.37819297151
-6.73621608352	7.07492045174
-5.89092394799	4.85912128863
-5.92994097452	5.09525494009
-5.41244671405	4.87906832671
-5.17143080355	4.97655465891
-5.85815860534	5.08948394394
-6.56598560106	5.28120118917
-5.10086014436	7.19691361514
-5.47779351047	5.12023414199
-4.49957482943	6.30339475233
-4.65948226824	6.37819305731
-5.10087003394	7.19692255494
-5.10073861514	7.19680614711
-6.63077044539	7.20851204769
-5.08657919731	4.98164087999
-6.56598478951	5.28120041527
-5.10086597381	7.19691895989
-5.10086998364	7.19692232353
-4.44905552126	5.6215723346
-6.63071021541	7.20893755741
-5.46084054417	4.87506816881
-4.46570486368	5.52974314811
-4.46580964152	5.52979907314
-5.38147442911	4.91149541799
-4.86058008124	5.09039060488
-5.100738214	7.19680550808
-5.10073770379	7.19680534048
-5.85815654573	5.08948400878
-6.63043976503	7.20887860707
-5.95072856269	4.85312154432
-4.42646383077	6.90181734495
-5.85815657797	5.08948400772
-5.5875619355	7.6281804853
-6.39150193239	7.46975328938
-7.06880439644	6.62526535562
-7.10601997424	6.3836138157
-7.13710508127	6.22957530104
-4.65918193257	6.38459026271
-6.17188898107	5.11399141459
-4.72038445055	5.67911914031
-5.84160991361	7.54992845246
-6.17185500794	4.8711495326
-5.83619082112	5.09107809633
-5.4074583173	4.86446523959
-5.04456969378	5.30407851757
-5.1732379747	4.97813961281
-5.42517666654	5.09689913809
-4.4791879168	6.99901670351
-5.10086234109	7.19691570406
-4.44841912434	5.6224388745
-5.27094705891	7.48932872848
-5.23201272278	5.01127000656
-5.17961375598	4.97727908763
-4.54847654634	5.94684789386
-5.23202499659	5.01126679749
-5.66747831384	7.64677988562
-4.85495855845	5.52023806691
-5.44316309215	5.1118144595
-4.54667133499	5.95046639317
13.5656994915	-14.6694963636
-5.60464301821	7.63691475354
-4.46659637695	5.52615413654
-5.2379852715	7.47352452962
-5.82994368754	7.55638973465
-5.1758433202	4.97236924704
-6.1757647757	5.11505085052
-6.17177672552	5.11635468049
-4.56947302525	5.97001344096
13.5656824075	-14.66949424
-5.26934487276	7.49302020874
-6.20113946865	5.12025223294
-5.17280428525	4.98419883827
-5.88163168083	4.86367454032
-4.55024876738	5.95546683965
-4.46020030281	5.57514935251
-4.85480960157	5.5204556885
-6.17127187798	5.11622375659
13.5655560769	-14.6694975413
-4.85508078443	5.52005957423
-4.32779963338	6.10802612999
-6.67832706317	5.20952109771
-6.33311112447	7.49949801945
-7.08544078458	5.88069563114
-4.85518301169	5.51991033923
-5.2674454459	7.50185951539
13.5656975926	-14.6694972356
13.5656976286	-14.6694944404
-7.08544152772	5.88069596217
-5.76181121375	7.62268783842
13.5655633962	-14.6694981622
-6.69573325445	5.22073026021
-6.64667279741	7.15238641419
13.5655475165	-14.669494215
-6.33313356293	7.49681577522
-5.36154053662	7.38673001726
13.5655562106	-14.6694941633
-6.56598478561	5.28120041155
-6.90083296586	5.54816103291
-6.64860581357	7.15060046218
-4.53818031843	6.71193601599
-6.8800353774	5.83287736524
-6.73999332317	7.07371245238
-6.39525501041	7.46170692594
-6.56598478561	5.28120041155
13.5655569156	-14.6694981527
-6.90477756918	5.56582810026
-4.32779963338	6.10802612999
-7.0070665825	5.89344037535
-6.88251613653	5.83821188022
-4.83002184968	7.21208529109
13.5657037699	-14.6694978962
-6.56598478561	5.28120041155
-4.89266431619	7.27829775899
13.5657387056	-14.6694979775
-5.36897933155	7.38993554737
-6.67741314478	5.20787644575
-4.8551887927	5.51990190133
-4.49173007369	6.29363169367
-6.56598478561	5.28120041155
-6.87606383484	7.03690968641
-6.14605830106	7.33011280767
13.5655460889	-14.6694969603
13.5656975947	-14.6694971234
-4.3277188337	6.10801869
-4.32720442325	6.09448707773
13.5657067434	-14.6694946136
-4.58317427602	6.93994780831
-6.24474337836	7.52061070438
13.5655463801	-14.6694942654
-6.88001669938	5.83283336004
-5.89307175806	7.33985485739
13.5657442163	-14.6694967504
-6.8367973867	5.78380291329
-4.85518589934	5.51990612443
-6.77213000764	7.06325892693
-4.85518595401	5.51990604463
-5.91410706309	7.3401377482
-5.91290053865	7.34017102203
-4.58341317124	6.94038484346
13.565690309	-14.6694977204
13.565547517	-14.6694941879
-5.91246985805	7.34018283372
-6.88001745711	5.83283513511
-7.10816732666	6.53501695866
13.5656654206	-14.6694969929
13.5656976286	-14.6694944415
-6.8755829296	5.82060729227
-7.11194500367	6.17666355987
-7.08630215086	5.87950440393
13.5656976287	-14.6694944414
13.5656974799	-14.6694944392
-4.85518595274	5.51990604649
-4.58341337945	6.9403849434
-4.58341605239	6.94038622631
-7.08434271445	5.8806329438
-4.5834173517	6.94038684996
-4.85518594272	5.51990606111
-4.58341792038	6.94038712293
13.5655658385	-14.6694981592
-4.58341792773	6.94038712645
-5.91222168074	7.34018962446
-4.58341792732	6.94038712626
-6.87778639211	5.82730815316
-4.58341792696	6.94038712608
13.5657387056	-14.6694979775
13.5655562106	-14.6694941626
13.5655973608	-14.6694962262
13.5656975926	-14.6694972356
13.565547462	-14.6694917477
-6.86002736717	5.64934192596
-6.56598478561	5.28120041155
-6.83532215295	5.60152840501
-4.58341792706	6.94038712613
13.5656975926	-14.6694972356
13.5656966156	-14.6694971661
-7.01344416194	5.91308139461
13.56570387	-14.669497148
-5.91221485795	7.34018981099
-6.88284698094	6.69706742186
-5.78408246261	6.22344492408
-6.91823627488	6.52082519128
-5.9121627579	7.34019123505
-6.91810649787	6.52122282178
-6.91767051912	6.52255667684
-4.58341792706	6.94038712613
-6.56598478561	5.28120041155
13.5655629811	-14.6694941766
13.565696557	-14.6694972279
-5.91223184544	7.34018934655
13.5655562106	-14.6694941626
13.5657233007	-14.6694942669
-6.91767573074	6.52254074997
13.5657301212	-14.6694979289
-4.8551859536	5.51990604523
13.5655473868	-14.6694975514
-5.91217458211	7.3401909119
13.5655569156	-14.6694981527
-5.91217448298	7.34019091461
13.5656654206	-14.6694969929
13.5656975894	-14.6694971234
-6.56598478561	5.28120041155
13.5655444125	-14.6694982151
-6.56598478561	5.28120041155
13.5657316694	-14.6694938759
-6.91767739086	6.52253567653
-6.91767886118	6.52253118307
-6.91767888991	6.52253109527
-6.9176788484	6.52253122213
-6.91767884194	6.52253124188
-6.91767884187	6.52253124208
-5.78408246261	6.22344492408
-5.78408246261	6.22344492408
13.5657086775	-14.6694973079
-4.8551859536	5.51990604524
-6.91767884146	6.52253124332
-4.8551859536	5.51990604524
-5.91217448616	7.34019091452
-6.91767884089	6.52253124506
-5.78408246261	6.22344492408
-5.91217448616	7.34019091452
-6.91767884089	6.52253124506
13.5657387083	-14.6694979862
-5.78408246261	6.22344492408
-5.78408246261	6.22344492408
-5.78408246261	6.22344492408
-5.78408246261	6.22344492408
-5.78408246261	6.22344492408
-5.78408246261	6.22344492408
-5.78408246261	6.22344492408
13.5655481398	-14.6694976122
13.5657116372	-14.6694943212
-5.78408246261	6.22344492408
-5.78408246261	6.22344492408
13.5655562106	-14.6694941626
-5.78408246261	6.22344492408
-5.78408246261	6.22344492408
13.5657387207	-14.6694966841
-5.78408246261	6.22344492408
-5.78408246261	6.22344492408
13.5656994922	-14.6694963635
-5.78408246261	6.22344492408
-5.78408246261	6.22344492408
-5.78408246261	6.22344492408
-5.78408246261	6.22344492408
-5.78408246261	6.22344492408
-5.78408246261	6.22344492408
-5.78408246261	6.22344492408
-5.78408246261	6.22344492408
13.5655655272	-14.6694976001
-5.78408246261	6.22344492408
-5.78408246261	6.22344492408
-5.78408246261	6.22344492408
-5.78408246261	6.22344492408
-5.78408246261	6.22344492408
13.5656654379	-14.6694943256
-5.78408246261	6.22344492408
-5.78408246261	6.22344492408
13.5656965519	-14.6694943401
-5.78408246261	6.22344492408
-5.78408246261	6.22344492408
-5.78408246261	6.22344492408
-5.78408246261	6.22344492408
-5.78408246261	6.22344492408
-5.78408246261	6.22344492408
-5.78408246261	6.22344492408
13.5657044014	-14.6694944509
13.5655655461	-14.6694981664
-5.78408246261	6.22344492408
-5.78408246261	6.22344492408
13.5655474466	-14.6694942654
-5.78408246261	6.22344492408
-5.78408246261	6.22344492408
13.5657387029	-14.6694979186
-5.78408246261	6.22344492408
13.5657161677	-14.6694969144
13.5655472697	-14.6694962259
-5.78408246261	6.22344492408
-5.78408246261	6.22344492408
-5.78408246261	6.22344492408
-5.78408246261	6.22344492408
-5.78408246261	6.22344492408
-5.78408246261	6.22344492408
-5.78408246261	6.22344492408
13.565487383	-14.6694975794
13.5657160805	-14.6694968991
-5.78408246261	6.22344492408
-5.78408246261	6.22344492408
-5.78408246261	6.22344492408
13.5655460889	-14.6694969603
13.5655463731	-14.6694969604
-5.78408246261	6.22344492408
-5.78408246261	6.22344492408
-5.78408246261	6.22344492408
13.5657116612	-14.6694969907
13.5655655405	-14.6694985109
-5.78408246261	6.22344492408
-5.78408246261	6.22344492408
-5.78408246261	6.22344492408
-5.78408246261	6.22344492408
-5.78408246261	6.22344492408
-5.78408246261	6.22344492408
-5.78408246261	6.22344492408
13.5656976299	-14.6694943912
-5.78408246261	6.22344492408
-5.78408246261	6.22344492408
-5.78408246261	6.22344492408
-5.78408246261	6.22344492408
-5.78408246261	6.22344492408
13.5657387065	-14.6694979185
13.5655628716	-14.6694942103
13.5655655461	-14.6694981664
13.565555835	-14.6694940902
13.5656966015	-14.6694919567
-5.78408246261	6.22344492408
-5.78408246261	6.22344492408
-5.78408246261	6.22344492408
-5.78408246261	6.22344492408
-5.78408246261	6.22344492408
13.565547517	-14.6694941879
13.5655634152	-14.6694969388
13.5656983901	-14.6694983396
-5.78408246261	6.22344492408
-5.78408246261	6.22344492408
13.5655973529	-14.6694971021
-5.78408246261	6.22344492408
-5.78408246261	6.22344492408
-5.78408246261	6.22344492408
-5.78408246261	6.22344492408
-5.78408246261	6.22344492408
-5.78408246261	6.22344492408
-5.78408246261	6.22344492408
-5.78408246261	6.22344492408
-5.78408246261	6.22344492408
-5.78408246261	6.22344492408
-5.78408246261	6.22344492408
-5.78408246261	6.22344492408
-5.78408246261	6.22344492408
-5.78408246261	6.22344492408
-5.78408246261	6.22344492408
-5.78408246261	6.22344492408
-5.78408246261	6.22344492408
-5.78408246261	6.22344492408
-4.58341792706	6.94038712613
-5.78408246261	6.22344492408
-5.78408246261	6.22344492408
-5.78408246261	6.22344492408
-5.78408246261	6.22344492408
-5.78408246261	6.22344492408
13.5657037919	-14.6694964022
13.565697602	-14.6694943659
-5.78408246261	6.22344492408
13.5655633947	-14.6694981622
-5.78408246261	6.22344492408
13.5657077838	-14.6694944068
13.5657435677	-14.6694974016
-5.78408246261	6.22344492408
-5.78408246261	6.22344492408
-5.78408246261	6.22344492408
-5.78408246261	6.22344492408
13.56556025	-14.6694942579
13.5657037707	-14.6694978295
-5.78408246261	6.22344492408
-5.78408246261	6.22344492408
-5.78408246261	6.22344492408
-5.78408246261	6.22344492408
-5.78408246261	6.22344492408
